read reference file : testref.fa
finish reading reference file
reference chromosome are
==========
"testref"
==========
testread, testref
*CGCTCCAAGATAGCAACTCCTTGTTATGAT
TTGTCAATGGGAGTGAGCGAAGGTTAGAGTG

   0,    0,    1,    0,    0,    0,    0,    0,    0,    0,    0,    0,    0,    0,    0,    0,    0,    1,    0,    0,    0,    0,    0,    0,    0, 
   0,    0,    0,    0,    0,    0,    0,    0,    0,    0,    0,    1,    0,    0,    0,    0,    0,    0,    0,    0,    0,    0,    0,    0,    0, 
   0,    0,    0,    0,    0,    0,    0,    0,    0,    0,    0,    0,    1,    1,    0,    0,    0,    0,    0,    0,    0,    0,    0,    0,    0, 
   0,    0,    0,    0,    0,    0,    0,    0,    0,    0,    2,    0,    0,    0,    0,    0,    0,    0,    0,    0,    0,    0,    0,    0,    0, 
   0,    0,    0,    0,    0,    0,    0,    0,    0,    0,    0,    0,    0,    0,    0,    0,    0,    0,    0,    0,    0,    0,    0,    0,    0, 
   0,    0,    0,    1,    0,    0,    0,    0,    0,    0,    1,    0,    0,    0,    0,    0,    0,    0,    0,    0,    0,    0,    0,    0,    0, 
   2,    0,    0,    0,    0,    0,    0,    0,    0,    0,    0,    0,    0,    0,    0,    0,    0,    0,    0,    0,    0,    0,    0,    0,    0, 
   0,    0,    0,    0,    0,    0,    0,    0,    0,    0,    0,    0,    0,    0,    0,    0,    0,    1,    0,    0,    0,    0,    0,    0,    0, 
   0,    0,    1,    0,    0,    0,    0,    1,    0,    0,    0,    0,    0,    0,    0,    0,    1,    0,    0,    0,    0,    0,    0,    0,    0, 
   0,    0,    0,    0,    0,    0,    0,    0,    0,    0,    0,    0,    0,    0,    0,    0,    0,    0,    0,    0,    0,    0,    0,    0,    0, 
   0,    0,    0,    0,    0,    0,    0,    0,    0,    0,    0,    0,    1,    1,    0,    0,    0,    0,    0,    0,    0,    0,    0,    0,    0, 
   0,    0,    0,    0,    0,    0,    0,    0,    0,    0,    0,    0,    0,    1,    0,    0,    0,    1,    0,    0,    0,    0,    0,    0,    0, 
   0,    0,    0,    0,    0,    0,    0,    0,    0,    0,    0,    0,    0,    0,    0,    0,    0,    0,    0,    0,    0,    0,    0,    0,    0, 
   0,    0,    0,    0,    0,    0,    0,    0,    0,    0,    0,    0,    0,    0,    0,    0,    0,    0,    1,    0,    0,    0,    0,    0,    0, 
   0,    0,    0,    0,    0,    0,    0,    0,    0,    0,    0,    0,    0,    0,    0,    0,    0,    0,    0,    0,    0,    0,    0,    0,    0, 
   0,    0,    2,    0,    0,    0,    0,    0,    0,    0,    0,    0,    0,    0,    0,    0,    0,    0,    0,    0,    0,    0,    0,    0,    0, 
   0,    0,    0,    0,    0,    1,    0,    0,    0,    0,    1,    0,    0,    0,    0,    0,    0,    0,    0,    0,    0,    0,    0,    0,    0, 
   0,    0,    1,    0,    0,    0,    0,    0,    0,    0,    0,    0,    0,    1,    0,    0,    0,    0,    0,    0,    0,    0,    0,    0,    0, 
   0,    0,    0,    0,    0,    0,    0,    0,    0,    0,    0,    0,    1,    0,    0,    1,    0,    0,    0,    0,    0,    0,    0,    0,    0, 
   0,    0,    0,    0,    0,    0,    0,    0,    0,    0,    0,    0,    0,    0,    0,    0,    0,    0,    0,    0,    0,    0,    0,    0,    0, 
   0,    0,    0,    0,    0,    0,    0,    0,    0,    0,    0,    0,    0,    0,    0,    0,    0,    0,    0,    0,    0,    0,    0,    0,    0, 
   0,    0,    0,    0,    0,    0,    0,    0,    0,    0,    0,    0,    0,    0,    0,    0,    0,    0,    1,    0,    0,    0,    0,    0,    0, 
   0,    0,    0,    0,    0,    0,    0,    0,    0,    0,    0,    0,    0,    0,    0,    0,    0,    0,    0,    0,    0,    0,    0,    0,    0, 
   0,    0,    0,    0,    0,    0,    0,    0,    0,    0,    0,    0,    0,    0,    0,    0,    0,    0,    0,    0,    0,    0,    0,    0,    0, 
   0,    0,    0,    0,    0,    0,    0,    0,    0,    0,    0,    0,    0,    0,    0,    0,    0,    0,    0,    0,    0,    0,    0,    0,    0, 
